1 1
1 
1 2
1 1 
1 3
1 1 1 
1 4
1 1 1 1 
1 5
1 1 1 1 1 
1 6
1 1 1 1 1 1 
1 7
1 1 1 1 1 1 1 
2 1
1 
1 
2 2
1 1 
1 1 
2 3
1 1 1 
1 1 1 
2 4
1 1 1 1 
1 1 1 1 
2 5
1 1 1 1 1 
1 1 1 1 1 
2 6
1 1 1 1 1 0 
1 1 1 0 1 1 
2 7
1 1 1 1 1 1 1 
1 1 1 1 1 2 1 
3 1
1 
1 
49 
3 2
1 1 
1 1 
49 0 
3 3
1 1 1 
1 1 1 
1 1 1 
3 4
1 1 1 1 
1 0 1 1 
1 1 1 1 
3 5
1 1 1 1 1 
1 1 1 1 1 
1 1 1 2 1 
3 6
1 1 1 1 1 1 
1 1 1 1 1 1 
1 1 1 1 1 1 
3 7
1 1 0 1 0 1 1 
1 0 1 1 1 1 1 
1 1 1 1 0 1 1 
4 1
1 
1 
0 
1 
4 2
1 1 
1 1 
1 1 
0 0 
4 3
1 1 1 
1 1 1 
1 1 1 
1 1 81 
4 4
1 1 1 2 
1 1 2 1 
1 0 1 1 
1 1 1 1 
4 5
1 1 2 1 1 
1 1 0 1 1 
1 1 1 1 0 
0 1 1 1 1 
4 6
1 1 1 1 1 1 
1 1 1 1 0 1 
0 1 1 1 1 1 
1 1 1 0 1 1 
4 7
0 2 1 1 1 2 1 
1 2 1 1 2 1 1 
2 1 1 1 1 1 1 
1 1 1 1 1 1 1 
5 1
1 
1 
1 
1 
0 
5 2
1 1 
1 0 
65 0 
1 1 
1 1 
5 3
1 0 1 
1 1 1 
1 1 1 
1 1 1 
0 0 2 
5 4
1 1 1 1 
1 2 0 1 
1 1 1 1 
1 2 1 1 
1 0 113 0 
5 5
0 1 1 1 1 
1 1 0 1 1 
1 2 1 1 1 
1 1 0 1 1 
1 1 1 1 0 
5 6
1 1 1 2 2 2 
2 2 1 1 0 1 
1 1 1 1 1 1 
1 1 1 1 1 1 
1 1 1 1 1 1 
5 7
1 1 1 1 1 2 1 
2 1 1 1 1 1 1 
1 1 1 1 0 1 1 
1 1 1 1 1 1 1 
1 1 1 1 1 2 1 
6 1
1 
135137 
1 
64 
1 
1 
6 2
1 1 
1 1 
0 0 
1 1 
144 0 
1 1 
6 3
2 1 1 
1 1 1 
1 1 1 
134993 0 1 
1 1 1 
96 0 0 
6 4
1 1 1 1 
1 1 1 1 
1 1 1 1 
1 1 1 1 
1 1 134881 0 
1 1 320 0 
6 5
1 1 0 1 1 
1 1 1 1 0 
1 0 1 1 1 
1 1 0 0 1 
1 1 2 1 1 
134753 0 432 0 128 
6 6
1 1 0 1 1 2 
1 1 1 1 1 1 
1 1 1 1 0 2 
1 1 1 1 1 2 
1 1 1 1 0 2 
1 1 1 2 1 1 
6 7
1 1 1 1 1 1 1 
1 1 1 1 1 1 2 
2 1 1 1 1 1 1 
1 1 1 1 1 1 1 
1 1 1 1 1 1 1 
1 1 1 1 1 1 1 
7 1
1 
1 
1 
1 
1 
1 
134993 
7 2
0 2 
1 1 
135057 0 
1 1 
1 1 
1 1 
1 1 
7 3
1 1 1 
1 1 1 
1 1 1 
1 134961 0 
1 1 1 
1 1 1 
128 0 0 
7 4
1 1 1 1 
1 0 1 1 
1 1 1 1 
1 1 1 1 
1 1 134833 0 
1 1 1 1 
1 1 1 1 
7 5
1 0 1 2 1 
0 1 1 2 1 
1 1 1 1 1 
2 1 1 0 1 
1 1 1 1 1 
1 0 2 134673 0 
1 2 1 1 1 
7 6
1 1 1 1 1 1 
1 1 2 1 1 1 
0 1 1 1 0 2 
1 1 1 1 1 1 
1 1 1 1 0 1 
1 1 0 1 1 0 
134993 0 1 1 1 1 
7 7
1 0 1 1 1 1 1 
1 1 1 1 1 1 1 
1 1 1 1 1 1 1 
0 1 1 1 1 0 1 
0 1 1 1 1 1 1 
1 0 1 1 1 1 1 
1 1 1 1 1 1 1 
#